#t	Mdot	Mdisk	Rhot	Cirrout	H2R	Teffout	Tirrout	Qiir2Qvisout	Lx	mU	mB	mV	mR	mI	mJ	
#days	g/s	g	Rsun	float	float	K	K	float	erg/s	mag	mag	mag	mag	mag	mag
# Cirr=0
# F0=2e+38
# Mopt=0.5
# Mx=5
# Nx=1000
# Thot=0
# alpha=0.25
# boundcond=Teff
# colourfactor=1.7
# dir=.
# distance=10
# emax=12
# emin=1
# gaussmu=1
# gausssigma=0.25
# gridscale=log
# inclination=0
# initialcond=powerF
# irrfactortype=const
# kerr=0
# opacity=Kramers
# period=0.25
# powerorder=6
# prefix=freddi
# tau=0.25
# time=50
# --rout hadn't been specified, tidal radius 1.36395 Rsun was used
0	0.00122746	2.62282e+25	1.36395	0	0.0990702	14251.3	0	0	0	14.9248	15.895	15.9793	15.9984	16.3256	16.2118
0.25	2.83455e+14	2.62594e+25	1.36395	0	0.0939382	13042.3	0	0	6.8279e+30	14.8542	15.8376	15.932	15.9589	16.2923	16.1819
0.5	3.04275e+15	2.62726e+25	1.36395	0	0.0916451	12516	0	0	4.23856e+33	14.7935	15.7896	15.8933	15.9271	16.2658	16.1582
0.75	1.4496e+16	2.62809e+25	1.36395	0	0.090089	12163.8	0	0	8.52088e+34	14.7408	15.7485	15.8606	15.9006	16.2439	16.1388
1	4.62499e+16	2.62862e+25	1.36395	0	0.0888923	11895.7	0	0	5.40876e+35	14.6952	15.7134	15.8331	15.8785	16.2258	16.1228
1.25	1.1458e+17	2.62887e+25	1.36395	0	0.0879139	11678.3	0	0	1.96501e+36	14.6562	15.6837	15.81	15.8602	16.211	16.1097
1.5	2.3681e+17	2.62876e+25	1.36395	0	0.0870845	11495.3	0	0	5.13231e+36	14.6231	15.6588	15.7909	15.8451	16.1988	16.0991
1.75	4.26009e+17	2.62819e+25	1.36395	0	0.0863637	11337.1	0	0	1.07543e+37	14.5954	15.6381	15.7752	15.8329	16.1891	16.0906
2	6.86785e+17	2.627e+25	1.36395	0	0.0857263	11198	0	0	1.92413e+37	14.5724	15.6211	15.7625	15.8231	16.1814	16.0839
2.25	1.01423e+18	2.62507e+25	1.36395	0	0.0851551	11073.9	0	0	3.05923e+37	14.5534	15.6073	15.7522	15.8154	16.1754	16.0788
2.5	1.39589e+18	2.62228e+25	1.36395	0	0.0846378	10962	0	0	4.4435e+37	14.5378	15.5961	15.7442	15.8094	16.1709	16.0749
2.75	1.81519e+18	2.61857e+25	1.36395	0	0.0841653	10860.2	0	0	6.01585e+37	14.5252	15.5873	15.7379	15.805	16.1676	16.0722
3	2.25477e+18	2.61389e+25	1.36395	0	0.0837308	10766.9	0	0	7.70621e+37	14.515	15.5803	15.7332	15.8017	16.1653	16.0704
3.25	2.69884e+18	2.60823e+25	1.36395	0	0.0833288	10680.9	0	0	9.44715e+37	14.5069	15.5751	15.7298	15.7996	16.164	16.0694
3.5	3.13446e+18	2.60161e+25	1.36395	0	0.0829552	10601.2	0	0	1.11808e+38	14.5006	15.5711	15.7275	15.7983	16.1633	16.069
3.75	3.55188e+18	2.59408e+25	1.36395	0	0.0826063	10527	0	0	1.28619e+38	14.4959	15.5684	15.7262	15.7978	16.1633	16.0692
4	3.94435e+18	2.58569e+25	1.36395	0	0.0822795	10457.7	0	0	1.44577e+38	14.4924	15.5667	15.7256	15.7979	16.1638	16.0698
4.25	4.30774e+18	2.57651e+25	1.36395	0	0.0819721	10392.7	0	0	1.59466e+38	14.49	15.5658	15.7257	15.7985	16.1648	16.0708
4.5	4.6399e+18	2.5666e+25	1.36395	0	0.0816824	10331.5	0	0	1.73161e+38	14.4886	15.5657	15.7263	15.7997	16.1661	16.0722
4.75	4.94025e+18	2.55604e+25	1.36395	0	0.0814084	10273.8	0	0	1.85607e+38	14.488	15.5662	15.7275	15.8012	16.1677	16.0739
5	5.20926e+18	2.54488e+25	1.36395	0	0.0811486	10219.3	0	0	1.96802e+38	14.4881	15.5672	15.7291	15.803	16.1697	16.0757
5.25	5.44815e+18	2.53321e+25	1.36395	0	0.0809019	10167.5	0	0	2.06778e+38	14.4889	15.5687	15.7311	15.8052	16.1718	16.0778
5.5	5.65858e+18	2.52108e+25	1.36395	0	0.080667	10118.4	0	0	2.15591e+38	14.4902	15.5707	15.7333	15.8076	16.1742	16.0801
5.75	5.8425e+18	2.50854e+25	1.36395	0	0.0804429	10071.6	0	0	2.23312e+38	14.4919	15.573	15.7359	15.8102	16.1767	16.0826
6	6.00196e+18	2.49565e+25	1.36395	0	0.0802286	10026.9	0	0	2.30019e+38	14.4941	15.5756	15.7387	15.813	16.1794	16.0851
6.25	6.13901e+18	2.48247e+25	1.36395	0	0.0800233	9984.16	0	0	2.35794e+38	14.4966	15.5785	15.7417	15.816	16.1822	16.0878
6.5	6.25569e+18	2.46903e+25	1.36395	0	0.0798264	9943.24	0	0	2.40716e+38	14.4994	15.5816	15.7449	15.8191	16.1852	16.0906
6.75	6.3539e+18	2.45537e+25	1.36395	0	0.079637	9903.95	0	0	2.44865e+38	14.5025	15.5849	15.7483	15.8224	16.1882	16.0934
7	6.43547e+18	2.44154e+25	1.36395	0	0.0794546	9866.18	0	0	2.48313e+38	14.5059	15.5885	15.7518	15.8257	16.1913	16.0964
7.25	6.50206e+18	2.42756e+25	1.36395	0	0.0792786	9829.78	0	0	2.51131e+38	14.5095	15.5922	15.7554	15.8292	16.1945	16.0994
7.5	6.55523e+18	2.41346e+25	1.36395	0	0.0791085	9794.65	0	0	2.53381e+38	14.5133	15.596	15.7592	15.8327	16.1978	16.1024
7.75	6.59637e+18	2.39927e+25	1.36395	0	0.0789438	9760.7	0	0	2.55124e+38	14.5172	15.6	15.763	15.8363	16.2011	16.1055
8	6.62678e+18	2.38501e+25	1.36395	0	0.0787841	9727.81	0	0	2.56412e+38	14.5214	15.604	15.7669	15.84	16.2045	16.1087
8.25	6.64762e+18	2.3707e+25	1.36395	0	0.078629	9695.91	0	0	2.57296e+38	14.5256	15.6082	15.7709	15.8437	16.2079	16.1119
8.5	6.65994e+18	2.35637e+25	1.36395	0	0.0784781	9664.92	0	0	2.57818e+38	14.53	15.6125	15.775	15.8475	16.2113	16.1151
8.75	6.66468e+18	2.34202e+25	1.36395	0	0.0783311	9634.77	0	0	2.58019e+38	14.5345	15.6169	15.7791	15.8513	16.2148	16.1183
9	6.66269e+18	2.32768e+25	1.36395	0	0.0781878	9605.39	0	0	2.57934e+38	14.539	15.6213	15.7833	15.8552	16.2183	16.1216
9.25	6.65474e+18	2.31336e+25	1.36395	0	0.0780477	9576.73	0	0	2.57597e+38	14.5437	15.6258	15.7875	15.8591	16.2219	16.1249
9.5	6.64151e+18	2.29906e+25	1.36395	0	0.0779106	9548.72	0	0	2.57036e+38	14.5485	15.6303	15.7918	15.863	16.2254	16.1282
9.75	6.62361e+18	2.28479e+25	1.36395	0	0.0777764	9521.32	0	0	2.56278e+38	14.5533	15.6349	15.7961	15.867	16.229	16.1315
10	6.60159e+18	2.27058e+25	1.36395	0	0.0776448	9494.49	0	0	2.55345e+38	14.5581	15.6396	15.8004	15.8709	16.2326	16.1349
10.25	6.57595e+18	2.25642e+25	1.36395	0	0.0775157	9468.17	0	0	2.54259e+38	14.5631	15.6443	15.8048	15.8749	16.2362	16.1382
10.5	6.54711e+18	2.24232e+25	1.36395	0	0.0773887	9442.35	0	0	2.53038e+38	14.568	15.649	15.8092	15.879	16.2398	16.1416
10.75	6.51549e+18	2.22828e+25	1.36395	0	0.0772638	9416.97	0	0	2.51699e+38	14.5731	15.6537	15.8136	15.883	16.2435	16.1449
11	6.48142e+18	2.21432e+25	1.36395	0	0.0771409	9392.01	0	0	2.50257e+38	14.5781	15.6585	15.818	15.887	16.2471	16.1483
11.25	6.44523e+18	2.20044e+25	1.36395	0	0.0770197	9367.44	0	0	2.48726e+38	14.5832	15.6633	15.8225	15.8911	16.2507	16.1517
11.5	6.40718e+18	2.18664e+25	1.36395	0	0.0769003	9343.23	0	0	2.47117e+38	14.5883	15.6681	15.8269	15.8951	16.2544	16.1551
11.75	6.36754e+18	2.17292e+25	1.36395	0	0.0767823	9319.36	0	0	2.45441e+38	14.5934	15.673	15.8314	15.8992	16.258	16.1584
12	6.32653e+18	2.1593e+25	1.36395	0	0.0766659	9295.81	0	0	2.43708e+38	14.5986	15.6778	15.8359	15.9033	16.2617	16.1618
12.25	6.28434e+18	2.14576e+25	1.36395	0	0.0765507	9272.56	0	0	2.41926e+38	14.6038	15.6827	15.8403	15.9074	16.2654	16.1652
12.5	6.24116e+18	2.13231e+25	1.36395	0	0.0764369	9249.59	0	0	2.40103e+38	14.609	15.6875	15.8448	15.9114	16.269	16.1686
12.75	6.19714e+18	2.11896e+25	1.36395	0	0.0763242	9226.88	0	0	2.38245e+38	14.6142	15.6924	15.8493	15.9155	16.2727	16.172
13	6.15243e+18	2.10571e+25	1.36395	0	0.0762127	9204.42	0	0	2.36359e+38	14.6194	15.6973	15.8538	15.9196	16.2764	16.1753
13.25	6.10716e+18	2.09255e+25	1.36395	0	0.0761022	9182.19	0	0	2.34451e+38	14.6247	15.7022	15.8583	15.9237	16.28	16.1787
13.5	6.06143e+18	2.07949e+25	1.36395	0	0.0759928	9160.19	0	0	2.32524e+38	14.6299	15.7071	15.8628	15.9278	16.2837	16.1821
13.75	6.01535e+18	2.06653e+25	1.36395	0	0.0758842	9138.39	0	0	2.30583e+38	14.6351	15.712	15.8674	15.9319	16.2873	16.1855
14	5.96901e+18	2.05367e+25	1.36395	0	0.0757766	9116.8	0	0	2.28632e+38	14.6404	15.7169	15.8719	15.936	16.291	16.1889
14.25	5.92249e+18	2.04091e+25	1.36395	0	0.0756698	9095.4	0	0	2.26675e+38	14.6457	15.7218	15.8764	15.94	16.2946	16.1922
14.5	5.87586e+18	2.02825e+25	1.36395	0	0.0755638	9074.17	0	0	2.24714e+38	14.6509	15.7267	15.8809	15.9441	16.2983	16.1956
14.75	5.82918e+18	2.01569e+25	1.36395	0	0.0754586	9053.13	0	0	2.22752e+38	14.6562	15.7316	15.8854	15.9482	16.3019	16.199
15	5.78251e+18	2.00323e+25	1.36395	0	0.0753541	9032.24	0	0	2.20791e+38	14.6614	15.7366	15.8899	15.9523	16.3056	16.2023
15.25	5.7359e+18	1.99087e+25	1.36395	0	0.0752503	9011.52	0	0	2.18834e+38	14.6667	15.7415	15.8944	15.9564	16.3092	16.2057
15.5	5.68939e+18	1.97861e+25	1.36395	0	0.0751472	8990.95	0	0	2.16883e+38	14.672	15.7464	15.8989	15.9604	16.3129	16.209
15.75	5.64302e+18	1.96646e+25	1.36395	0	0.0750448	8970.53	0	0	2.14938e+38	14.6772	15.7513	15.9034	15.9645	16.3165	16.2124
16	5.59684e+18	1.9544e+25	1.36395	0	0.0749429	8950.25	0	0	2.13002e+38	14.6825	15.7562	15.9079	15.9686	16.3201	16.2157
16.25	5.55086e+18	1.94244e+25	1.36395	0	0.0748417	8930.11	0	0	2.11076e+38	14.6877	15.7611	15.9124	15.9726	16.3237	16.219
16.5	5.50511e+18	1.93057e+25	1.36395	0	0.074741	8910.1	0	0	2.09161e+38	14.693	15.7659	15.9168	15.9767	16.3273	16.2224
16.75	5.45963e+18	1.91881e+25	1.36395	0	0.0746409	8890.22	0	0	2.07258e+38	14.6982	15.7708	15.9213	15.9807	16.331	16.2257
17	5.41442e+18	1.90714e+25	1.36395	0	0.0745414	8870.46	0	0	2.05367e+38	14.7035	15.7757	15.9258	15.9847	16.3346	16.229
17.25	5.36951e+18	1.89557e+25	1.36395	0	0.0744423	8850.83	0	0	2.0349e+38	14.7087	15.7806	15.9303	15.9888	16.3382	16.2323
17.5	5.32491e+18	1.8841e+25	1.36395	0	0.0743438	8831.31	0	0	2.01627e+38	14.7139	15.7855	15.9347	15.9928	16.3418	16.2356
17.75	5.28064e+18	1.87272e+25	1.36395	0	0.0742458	8811.91	0	0	1.99779e+38	14.7192	15.7903	15.9392	15.9968	16.3453	16.2389
18	5.2367e+18	1.86144e+25	1.36395	0	0.0741482	8792.63	0	0	1.97946e+38	14.7244	15.7952	15.9436	16.0009	16.3489	16.2422
18.25	5.19311e+18	1.85025e+25	1.36395	0	0.0740512	8773.45	0	0	1.96129e+38	14.7296	15.8	15.9481	16.0049	16.3525	16.2455
18.5	5.14988e+18	1.83915e+25	1.36395	0	0.0739546	8754.38	0	0	1.94327e+38	14.7348	15.8049	15.9525	16.0089	16.3561	16.2488
18.75	5.10701e+18	1.82815e+25	1.36395	0	0.0738584	8735.42	0	0	1.92542e+38	14.74	15.8097	15.9569	16.0129	16.3596	16.2521
19	5.06451e+18	1.81723e+25	1.36395	0	0.0737627	8716.56	0	0	1.90773e+38	14.7452	15.8145	15.9614	16.0169	16.3632	16.2554
19.25	5.02239e+18	1.80641e+25	1.36395	0	0.0736674	8697.8	0	0	1.89021e+38	14.7504	15.8194	15.9658	16.0209	16.3668	16.2586
19.5	4.98063e+18	1.79568e+25	1.36395	0	0.0735725	8679.14	0	0	1.87285e+38	14.7555	15.8242	15.9702	16.0249	16.3703	16.2619
19.75	4.93926e+18	1.78504e+25	1.36395	0	0.0734781	8660.58	0	0	1.85566e+38	14.7607	15.829	15.9746	16.0288	16.3739	16.2652
20	4.89827e+18	1.77448e+25	1.36395	0	0.073384	8642.11	0	0	1.83864e+38	14.7659	15.8338	15.979	16.0328	16.3774	16.2684
20.25	4.85767e+18	1.76401e+25	1.36395	0	0.0732904	8623.74	0	0	1.82179e+38	14.771	15.8386	15.9834	16.0368	16.3809	16.2717
20.5	4.81745e+18	1.75363e+25	1.36395	0	0.0731972	8605.47	0	0	1.80511e+38	14.7762	15.8434	15.9878	16.0407	16.3845	16.2749
20.75	4.77761e+18	1.74334e+25	1.36395	0	0.0731043	8587.28	0	0	1.7886e+38	14.7813	15.8482	15.9922	16.0447	16.388	16.2781
21	4.73815e+18	1.73313e+25	1.36395	0	0.0730119	8569.19	0	0	1.77226e+38	14.7864	15.853	15.9965	16.0487	16.3915	16.2814
21.25	4.69908e+18	1.723e+25	1.36395	0	0.0729198	8551.18	0	0	1.75609e+38	14.7916	15.8577	16.0009	16.0526	16.395	16.2846
21.5	4.66039e+18	1.71296e+25	1.36395	0	0.0728281	8533.26	0	0	1.74008e+38	14.7967	15.8625	16.0053	16.0565	16.3985	16.2878
21.75	4.62208e+18	1.703e+25	1.36395	0	0.0727367	8515.43	0	0	1.72424e+38	14.8018	15.8673	16.0096	16.0605	16.402	16.291
22	4.58415e+18	1.69312e+25	1.36395	0	0.0726458	8497.69	0	0	1.70857e+38	14.8069	15.872	16.014	16.0644	16.4055	16.2942
22.25	4.5466e+18	1.68333e+25	1.36395	0	0.0725551	8480.03	0	0	1.69306e+38	14.812	15.8767	16.0183	16.0683	16.409	16.2974
22.5	4.50942e+18	1.67361e+25	1.36395	0	0.0724649	8462.46	0	0	1.67772e+38	14.817	15.8815	16.0227	16.0722	16.4125	16.3006
22.75	4.47261e+18	1.66397e+25	1.36395	0	0.072375	8444.97	0	0	1.66254e+38	14.8221	15.8862	16.027	16.0761	16.4159	16.3038
23	4.43617e+18	1.65441e+25	1.36395	0	0.0722854	8427.56	0	0	1.64752e+38	14.8272	15.8909	16.0313	16.08	16.4194	16.307
23.25	4.4001e+18	1.64493e+25	1.36395	0	0.0721962	8410.23	0	0	1.63266e+38	14.8322	15.8956	16.0356	16.0839	16.4229	16.3102
23.5	4.36439e+18	1.63553e+25	1.36395	0	0.0721074	8392.99	0	0	1.61796e+38	14.8373	15.9003	16.0399	16.0878	16.4263	16.3133
23.75	4.32904e+18	1.6262e+25	1.36395	0	0.0720188	8375.82	0	0	1.60342e+38	14.8423	15.905	16.0442	16.0917	16.4298	16.3165
24	4.29405e+18	1.61694e+25	1.36395	0	0.0719306	8358.73	0	0	1.58903e+38	14.8473	15.9097	16.0485	16.0956	16.4332	16.3197
24.25	4.25942e+18	1.60777e+25	1.36395	0	0.0718428	8341.72	0	0	1.5748e+38	14.8524	15.9144	16.0528	16.0994	16.4366	16.3228
24.5	4.22513e+18	1.59866e+25	1.36395	0	0.0717553	8324.79	0	0	1.56072e+38	14.8574	15.9191	16.0571	16.1033	16.4401	16.326
24.75	4.19119e+18	1.58963e+25	1.36395	0	0.0716681	8307.94	0	0	1.5468e+38	14.8624	15.9237	16.0614	16.1071	16.4435	16.3291
25	4.15759e+18	1.58067e+25	1.36395	0	0.0715812	8291.16	0	0	1.53302e+38	14.8674	15.9284	16.0656	16.111	16.4469	16.3322
25.25	4.12434e+18	1.57178e+25	1.36395	0	0.0714946	8274.46	0	0	1.51939e+38	14.8724	15.933	16.0699	16.1148	16.4503	16.3354
25.5	4.09142e+18	1.56297e+25	1.36395	0	0.0714084	8257.83	0	0	1.5059e+38	14.8773	15.9377	16.0742	16.1187	16.4538	16.3385
25.75	4.05883e+18	1.55422e+25	1.36395	0	0.0713225	8241.28	0	0	1.49257e+38	14.8823	15.9423	16.0784	16.1225	16.4572	16.3416
26	4.02658e+18	1.54555e+25	1.36395	0	0.0712369	8224.8	0	0	1.47937e+38	14.8873	15.947	16.0827	16.1263	16.4606	16.3447
26.25	3.99465e+18	1.53694e+25	1.36395	0	0.0711516	8208.39	0	0	1.46632e+38	14.8922	15.9516	16.0869	16.1302	16.464	16.3479
26.5	3.96304e+18	1.5284e+25	1.36395	0	0.0710666	8192.06	0	0	1.4534e+38	14.8972	15.9562	16.0911	16.134	16.4673	16.351
26.75	3.93175e+18	1.51993e+25	1.36395	0	0.0709819	8175.8	0	0	1.44063e+38	14.9021	15.9608	16.0953	16.1378	16.4707	16.3541
27	3.90078e+18	1.51152e+25	1.36395	0	0.0708976	8159.61	0	0	1.42799e+38	14.907	15.9654	16.0996	16.1416	16.4741	16.3572
27.25	3.87012e+18	1.50318e+25	1.36395	0	0.0708135	8143.49	0	0	1.41549e+38	14.9119	15.97	16.1038	16.1454	16.4775	16.3602
27.5	3.83977e+18	1.49491e+25	1.36395	0	0.0707297	8127.44	0	0	1.40312e+38	14.9169	15.9746	16.108	16.1492	16.4808	16.3633
27.75	3.80972e+18	1.4867e+25	1.36395	0	0.0706463	8111.47	0	0	1.39088e+38	14.9218	15.9791	16.1122	16.153	16.4842	16.3664
28	3.77997e+18	1.47855e+25	1.36395	0	0.0705631	8095.56	0	0	1.37877e+38	14.9267	15.9837	16.1164	16.1567	16.4876	16.3695
28.25	3.75052e+18	1.47047e+25	1.36395	0	0.0704802	8079.72	0	0	1.36679e+38	14.9315	15.9883	16.1205	16.1605	16.4909	16.3725
28.5	3.72137e+18	1.46245e+25	1.36395	0	0.0703977	8063.94	0	0	1.35494e+38	14.9364	15.9928	16.1247	16.1643	16.4942	16.3756
28.75	3.69251e+18	1.4545e+25	1.36395	0	0.0703154	8048.24	0	0	1.34322e+38	14.9413	15.9974	16.1289	16.168	16.4976	16.3787
29	3.66394e+18	1.4466e+25	1.36395	0	0.0702334	8032.6	0	0	1.33162e+38	14.9461	16.0019	16.1331	16.1718	16.5009	16.3817
29.25	3.63565e+18	1.43877e+25	1.36395	0	0.0701517	8017.03	0	0	1.32014e+38	14.951	16.0065	16.1372	16.1756	16.5042	16.3848
29.5	3.60764e+18	1.43099e+25	1.36395	0	0.0700702	8001.53	0	0	1.30878e+38	14.9558	16.011	16.1414	16.1793	16.5076	16.3878
29.75	3.57991e+18	1.42328e+25	1.36395	0	0.0699891	7986.09	0	0	1.29755e+38	14.9607	16.0155	16.1455	16.183	16.5109	16.3908
30	3.55245e+18	1.41562e+25	1.36395	0	0.0699082	7970.72	0	0	1.28643e+38	14.9655	16.02	16.1496	16.1868	16.5142	16.3939
30.25	3.52527e+18	1.40803e+25	1.36395	0	0.0698276	7955.42	0	0	1.27543e+38	14.9703	16.0245	16.1538	16.1905	16.5175	16.3969
30.5	3.49835e+18	1.40049e+25	1.36395	0	0.0697473	7940.17	0	0	1.26454e+38	14.9751	16.029	16.1579	16.1942	16.5208	16.3999
30.75	3.4717e+18	1.39301e+25	1.36395	0	0.0696673	7925	0	0	1.25377e+38	14.9799	16.0335	16.162	16.1979	16.5241	16.4029
31	3.44531e+18	1.38558e+25	1.36395	0	0.0695876	7909.88	0	0	1.24311e+38	14.9847	16.038	16.1661	16.2016	16.5274	16.406
31.25	3.41918e+18	1.37822e+25	1.36395	0	0.0695081	7894.83	0	0	1.23256e+38	14.9895	16.0425	16.1703	16.2053	16.5307	16.409
31.5	3.39331e+18	1.3709e+25	1.36395	0	0.0694289	7879.84	0	0	1.22212e+38	14.9943	16.0469	16.1744	16.209	16.534	16.412
31.75	3.36769e+18	1.36365e+25	1.36395	0	0.06935	7864.92	0	0	1.21179e+38	14.9991	16.0514	16.1784	16.2127	16.5372	16.415
32	3.34232e+18	1.35644e+25	1.36395	0	0.0692713	7850.06	0	0	1.20157e+38	15.0038	16.0559	16.1825	16.2164	16.5405	16.4179
32.25	3.31719e+18	1.3493e+25	1.36395	0	0.0691929	7835.25	0	0	1.19146e+38	15.0086	16.0603	16.1866	16.2201	16.5438	16.4209
32.5	3.29231e+18	1.3422e+25	1.36395	0	0.0691148	7820.51	0	0	1.18145e+38	15.0133	16.0647	16.1907	16.2238	16.547	16.4239
32.75	3.26767e+18	1.33516e+25	1.36395	0	0.0690369	7805.84	0	0	1.17154e+38	15.0181	16.0692	16.1948	16.2275	16.5503	16.4269
33	3.24327e+18	1.32817e+25	1.36395	0	0.0689593	7791.22	0	0	1.16173e+38	15.0228	16.0736	16.1988	16.2311	16.5535	16.4299
33.25	3.21911e+18	1.32124e+25	1.36395	0	0.068882	7776.66	0	0	1.15203e+38	15.0275	16.078	16.2029	16.2348	16.5568	16.4328
33.5	3.19517e+18	1.31435e+25	1.36395	0	0.0688049	7762.16	0	0	1.14242e+38	15.0322	16.0824	16.2069	16.2384	16.56	16.4358
33.75	3.17147e+18	1.30752e+25	1.36395	0	0.068728	7747.72	0	0	1.13292e+38	15.0369	16.0868	16.211	16.2421	16.5632	16.4387
34	3.148e+18	1.30073e+25	1.36395	0	0.0686515	7733.34	0	0	1.12351e+38	15.0416	16.0912	16.215	16.2457	16.5665	16.4417
34.25	3.12475e+18	1.294e+25	1.36395	0	0.0685752	7719.02	0	0	1.11419e+38	15.0463	16.0956	16.2191	16.2494	16.5697	16.4446
34.5	3.10172e+18	1.28732e+25	1.36395	0	0.0684991	7704.75	0	0	1.10498e+38	15.051	16.1	16.2231	16.253	16.5729	16.4476
34.75	3.07891e+18	1.28068e+25	1.36395	0	0.0684233	7690.55	0	0	1.09585e+38	15.0557	16.1044	16.2271	16.2566	16.5761	16.4505
35	3.05632e+18	1.2741e+25	1.36395	0	0.0683477	7676.4	0	0	1.08682e+38	15.0604	16.1088	16.2311	16.2603	16.5793	16.4535
35.25	3.03395e+18	1.26756e+25	1.36395	0	0.0682724	7662.3	0	0	1.07788e+38	15.065	16.1131	16.2351	16.2639	16.5825	16.4564
35.5	3.01178e+18	1.26107e+25	1.36395	0	0.0681974	7648.27	0	0	1.06903e+38	15.0697	16.1175	16.2392	16.2675	16.5857	16.4593
35.75	2.98983e+18	1.25463e+25	1.36395	0	0.0681225	7634.29	0	0	1.06027e+38	15.0743	16.1219	16.2432	16.2711	16.5889	16.4622
36	2.96808e+18	1.24823e+25	1.36395	0	0.068048	7620.37	0	0	1.0516e+38	15.0789	16.1262	16.2471	16.2747	16.5921	16.4651
36.25	2.94654e+18	1.24188e+25	1.36395	0	0.0679737	7606.5	0	0	1.04301e+38	15.0836	16.1305	16.2511	16.2783	16.5953	16.468
36.5	2.9252e+18	1.23558e+25	1.36395	0	0.0678996	7592.69	0	0	1.03451e+38	15.0882	16.1349	16.2551	16.2819	16.5985	16.471
36.75	2.90406e+18	1.22932e+25	1.36395	0	0.0678257	7578.93	0	0	1.0261e+38	15.0928	16.1392	16.2591	16.2855	16.6017	16.4739
37	2.88312e+18	1.22311e+25	1.36395	0	0.0677521	7565.23	0	0	1.01777e+38	15.0974	16.1435	16.2631	16.2891	16.6048	16.4767
37.25	2.86237e+18	1.21694e+25	1.36395	0	0.0676788	7551.58	0	0	1.00952e+38	15.102	16.1478	16.267	16.2926	16.608	16.4796
37.5	2.84182e+18	1.21082e+25	1.36395	0	0.0676056	7537.99	0	0	1.00136e+38	15.1066	16.1521	16.271	16.2962	16.6112	16.4825
37.75	2.82146e+18	1.20474e+25	1.36395	0	0.0675328	7524.45	0	0	9.93277e+37	15.1112	16.1564	16.2749	16.2998	16.6143	16.4854
38	2.80129e+18	1.1987e+25	1.36395	0	0.0674601	7510.96	0	0	9.85274e+37	15.1158	16.1607	16.2789	16.3033	16.6175	16.4883
38.25	2.7813e+18	1.19271e+25	1.36395	0	0.0673877	7497.53	0	0	9.77351e+37	15.1203	16.165	16.2828	16.3069	16.6206	16.4912
38.5	2.7615e+18	1.18676e+25	1.36395	0	0.0673155	7484.15	0	0	9.69505e+37	15.1249	16.1693	16.2868	16.3105	16.6238	16.494
38.75	2.74188e+18	1.18085e+25	1.36395	0	0.0672435	7470.82	0	0	9.61738e+37	15.1294	16.1736	16.2907	16.314	16.6269	16.4969
39	2.72244e+18	1.17498e+25	1.36395	0	0.0671718	7457.54	0	0	9.54046e+37	15.134	16.1778	16.2946	16.3175	16.63	16.4997
39.25	2.70318e+18	1.16916e+25	1.36395	0	0.0671003	7444.32	0	0	9.46431e+37	15.1385	16.1821	16.2985	16.3211	16.6332	16.5026
39.5	2.6841e+18	1.16337e+25	1.36395	0	0.067029	7431.14	0	0	9.3889e+37	15.1431	16.1863	16.3025	16.3246	16.6363	16.5055
39.75	2.66519e+18	1.15763e+25	1.36395	0	0.066958	7418.02	0	0	9.31423e+37	15.1476	16.1906	16.3064	16.3281	16.6394	16.5083
40	2.64646e+18	1.15193e+25	1.36395	0	0.0668872	7404.95	0	0	9.24029e+37	15.1521	16.1948	16.3103	16.3317	16.6425	16.5111
40.25	2.62789e+18	1.14626e+25	1.36395	0	0.0668166	7391.93	0	0	9.16707e+37	15.1566	16.1991	16.3142	16.3352	16.6457	16.514
40.5	2.6095e+18	1.14064e+25	1.36395	0	0.0667462	7378.96	0	0	9.09456e+37	15.1611	16.2033	16.3181	16.3387	16.6488	16.5168
40.75	2.59127e+18	1.13506e+25	1.36395	0	0.0666761	7366.03	0	0	9.02275e+37	15.1656	16.2075	16.3219	16.3422	16.6519	16.5196
41	2.5732e+18	1.12951e+25	1.36395	0	0.0666061	7353.16	0	0	8.95165e+37	15.1701	16.2117	16.3258	16.3457	16.655	16.5225
41.25	2.5553e+18	1.12401e+25	1.36395	0	0.0665364	7340.34	0	0	8.88123e+37	15.1746	16.216	16.3297	16.3492	16.6581	16.5253
41.5	2.53756e+18	1.11854e+25	1.36395	0	0.0664669	7327.57	0	0	8.81149e+37	15.179	16.2202	16.3336	16.3527	16.6611	16.5281
41.75	2.51998e+18	1.11311e+25	1.36395	0	0.0663976	7314.84	0	0	8.74243e+37	15.1835	16.2244	16.3374	16.3562	16.6642	16.5309
42	2.50256e+18	1.10771e+25	1.36395	0	0.0663286	7302.17	0	0	8.67403e+37	15.188	16.2285	16.3413	16.3597	16.6673	16.5337
42.25	2.4853e+18	1.10236e+25	1.36395	0	0.0662597	7289.54	0	0	8.60628e+37	15.1924	16.2327	16.3452	16.3631	16.6704	16.5365
42.5	2.46818e+18	1.09704e+25	1.36395	0	0.0661911	7276.96	0	0	8.53919e+37	15.1969	16.2369	16.349	16.3666	16.6735	16.5393
42.75	2.45122e+18	1.09176e+25	1.36395	0	0.0661227	7264.43	0	0	8.47274e+37	15.2013	16.2411	16.3528	16.3701	16.6765	16.5421
43	2.43442e+18	1.08651e+25	1.36395	0	0.0660545	7251.94	0	0	8.40692e+37	15.2057	16.2452	16.3567	16.3735	16.6796	16.5449
43.25	2.41776e+18	1.0813e+25	1.36395	0	0.0659865	7239.5	0	0	8.34173e+37	15.2102	16.2494	16.3605	16.377	16.6826	16.5477
43.5	2.40125e+18	1.07613e+25	1.36395	0	0.0659187	7227.11	0	0	8.27716e+37	15.2146	16.2536	16.3643	16.3805	16.6857	16.5505
43.75	2.38488e+18	1.07099e+25	1.36395	0	0.0658511	7214.77	0	0	8.2132e+37	15.219	16.2577	16.3682	16.3839	16.6887	16.5533
44	2.36866e+18	1.06589e+25	1.36395	0	0.0657837	7202.47	0	0	8.14985e+37	15.2234	16.2619	16.372	16.3873	16.6918	16.556
44.25	2.35259e+18	1.06082e+25	1.36395	0	0.0657165	7190.21	0	0	8.0871e+37	15.2278	16.266	16.3758	16.3908	16.6948	16.5588
44.5	2.33665e+18	1.05578e+25	1.36395	0	0.0656496	7178.01	0	0	8.02495e+37	15.2322	16.2701	16.3796	16.3942	16.6979	16.5616
44.75	2.32085e+18	1.05078e+25	1.36395	0	0.0655828	7165.84	0	0	7.96338e+37	15.2365	16.2742	16.3834	16.3977	16.7009	16.5643
45	2.3052e+18	1.04581e+25	1.36395	0	0.0655163	7153.73	0	0	7.90238e+37	15.2409	16.2784	16.3872	16.4011	16.7039	16.5671
45.25	2.28968e+18	1.04088e+25	1.36395	0	0.0654499	7141.66	0	0	7.84196e+37	15.2453	16.2825	16.391	16.4045	16.707	16.5699
45.5	2.27429e+18	1.03598e+25	1.36395	0	0.0653838	7129.63	0	0	7.78211e+37	15.2497	16.2866	16.3948	16.4079	16.71	16.5726
45.75	2.25904e+18	1.03111e+25	1.36395	0	0.0653178	7117.65	0	0	7.72282e+37	15.254	16.2907	16.3986	16.4113	16.713	16.5753
46	2.24392e+18	1.02628e+25	1.36395	0	0.065252	7105.71	0	0	7.66408e+37	15.2584	16.2948	16.4023	16.4147	16.716	16.5781
46.25	2.22894e+18	1.02147e+25	1.36395	0	0.0651865	7093.81	0	0	7.6059e+37	15.2627	16.2989	16.4061	16.4181	16.719	16.5808
46.5	2.21408e+18	1.0167e+25	1.36395	0	0.0651211	7081.97	0	0	7.54826e+37	15.267	16.3029	16.4099	16.4215	16.722	16.5836
46.75	2.19936e+18	1.01196e+25	1.36395	0	0.065056	7070.16	0	0	7.49116e+37	15.2713	16.307	16.4136	16.4249	16.725	16.5863
47	2.18476e+18	1.00726e+25	1.36395	0	0.064991	7058.4	0	0	7.43458e+37	15.2757	16.3111	16.4174	16.4283	16.728	16.589
47.25	2.17028e+18	1.00258e+25	1.36395	0	0.0649262	7046.68	0	0	7.37853e+37	15.28	16.3152	16.4211	16.4317	16.731	16.5917
47.5	2.15593e+18	9.97936e+24	1.36395	0	0.0648617	7035	0	0	7.323e+37	15.2843	16.3192	16.4249	16.4351	16.734	16.5945
47.75	2.14171e+18	9.93322e+24	1.36395	0	0.0647973	7023.36	0	0	7.26798e+37	15.2886	16.3233	16.4286	16.4385	16.737	16.5972
48	2.1276e+18	9.88738e+24	1.36395	0	0.0647331	7011.77	0	0	7.21346e+37	15.2929	16.3273	16.4323	16.4418	16.74	16.5999
48.25	2.11362e+18	9.84184e+24	1.36395	0	0.0646691	7000.22	0	0	7.15945e+37	15.2972	16.3314	16.4361	16.4452	16.7429	16.6026
48.5	2.09975e+18	9.7966e+24	1.36395	0	0.0646053	6988.71	0	0	7.10593e+37	15.3014	16.3354	16.4398	16.4486	16.7459	16.6053
48.75	2.086e+18	9.75166e+24	1.36395	0	0.0645416	6977.24	0	0	7.0529e+37	15.3057	16.3394	16.4435	16.4519	16.7489	16.608
49	2.07237e+18	9.70701e+24	1.36395	0	0.0644782	6965.82	0	0	7.00036e+37	15.31	16.3434	16.4472	16.4553	16.7518	16.6107
49.25	2.05886e+18	9.66265e+24	1.36395	0	0.0644149	6954.43	0	0	6.94829e+37	15.3142	16.3475	16.4509	16.4586	16.7548	16.6134
49.5	2.04545e+18	9.61858e+24	1.36395	0	0.0643519	6943.09	0	0	6.8967e+37	15.3185	16.3515	16.4547	16.462	16.7577	16.6161
49.75	2.03217e+18	9.57479e+24	1.36395	0	0.064289	6931.78	0	0	6.84558e+37	15.3227	16.3555	16.4584	16.4653	16.7607	16.6188
50	2.01899e+18	9.5313e+24	1.36395	0	0.0642263	6920.52	0	0	6.79493e+37	15.327	16.3595	16.462	16.4687	16.7636	16.6214
